ggct_cnv	ggct_exp
0.067	8.9144
0.406	10.3233
0.493	11.2573
0.314	9.9935
1.057	10.8643
-0.003	9.4116
-0.005	10.005
0.173	11.0661
0.023	10.8768
0.005	10.3136
0.815	10.2547
0.001	9.6843
-0.04	10.2635
0.02	11.4242
0.268	9.6065
0.203	10.8856
0.921	11.2622
0.062	10.4897
0.057	10.0957
-0.077	10.0045
0.508	10.4269
-0.019	9.2284
0.077	9.7251
0	10.1564
-0.02	10.1816
2.91	12.3103
-0.001	9.7435
0.66	10.3317
1.173	12.8743
-0.123	9.2031
0.113	9.847
0.029	9.4382
0.059	10.96
0.17	10.4318
0.13	10.9026
0.082	9.9094
-0.011	9.2723
0	9.5075
0.004	10.3703
0.289	10.4741
-0.182	10.1958
0.662	10.2445
-0.019	9.6901
0.015	11.0399
0.305	9.3988
0.866	11.609
0.523	10.6381
0.595	12.1316
0.966	10.9468
0.344	10.6316
0.281	9.8873
0.459	10.3653
1.525	9.4733
-0.001	9.9432
1.422	10.4226
0.089	10.1741
-0.006	9.8608
0.097	10.2154
0.481	10.5099
0.175	9.5373
0.488	10.9981
0.027	10.0761
0.382	11.417
-0.005	10.9389
1.344	11.1449
0.452	10.3243
0.002	10.0543
0.012	9.7045
0.398	12.835
1.279	12.9954
-0.001	10.1059
0.219	10.2252
0.154	9.7332
0.373	10.3602
1.294	11.2352
0.336	11.1169
0.174	10.3249
-0.074	9.808
0.106	9.581
0.006	9.2152
0.244	10.878
0.908	10.7065
0.83	11.5909
-0.032	9.9744
0.275	12.2796
0.083	10.8934
0.041	9.5317
0.393	9.7567
0.414	11.3694
0.013	9.8931
0.003	9.2054
-0.052	9.6744
0.001	10.7135
-0.179	9.597
-0.053	10.7723
0.423	11.6064
-0.002	9.7521
1.227	11.365
0.006	10.4698
0.597	10.5065
0.123	10.4186
0.003	9.6866
0.489	10.1314
0.582	11.0272
-0.011	10.2857
0.116	9.2773
-0.025	9.4173
1.106	10.6886
-0.589	9.6577
0	9.3017
0.427	10.0192
0.1	10.7287
0.166	9.9326
0.54	9.7881
0	9.3563
-0.003	8.8716
0.469	9.6469
0.991	10.9436
1.741	10.3453
-0.778	8.9594
0.017	9.6599
0.313	9.3898
-0.015	9.5902
0.16	11.206
0.243	10.6495
0.42	10.1039
0.058	9.7162
0.943	11.0025
0.3	10.6858
0.046	10.2278
0.063	9.4776
0.087	9.8041
0.127	10.6105
0.038	9.3259
-0.195	9.2497
0.28	10.1577
0.193	11.3323
0.677	11.4277
0.241	11.5321
0.234	10.764
0.031	10.7249
0.053	9.5946
0.237	10.7789
0.018	10.509
0.341	10.1335
0.24	10.795
0.643	9.6445
0.013	10.948
0.238	10.6305
0.151	10.2184
0.204	10.7939
0.442	10.4837
0.158	10.0064
-0.018	10.0096
0.87	11.227
0.545	10.284
-0.008	10.7301
0.646	10.6689
0.099	10.8942
0	11.3934
0.027	11.5507
0.09	10.1288
-0.007	8.9293
-0.437	9.0042
0.28	10.9934
0.446	10.2507
0.709	10.5581
1.377	11.8605
0.013	10.672
0.095	10.6393
-0.208	9.4096
-0.484	10.0874
0.622	10.4785
0.457	11.0133
0.245	11.8547
1.345	11.0456
0.087	9.2025
0.001	9.8334
0.009	9.8205
0.166	10.308
0.006	9.7374
0.166	10.7003
0.598	10.6302
0.402	11.7911
0.07	9.9602
0.554	10.8711
-0.367	10.0559
-0.005	8.9297
0.001	9.8604
0.024	9.5426
-0.408	9.8166
0.001	8.9852
0.01	9.7254
0.073	10.6764
0.223	11.5102
-0.007	9.9417
0.011	8.7631
0	10.4402
-0.511	10.5878
0.25	9.67
0.255	11.1242
0.013	11.4038
0.471	12.1226
-0.265	9.8788
-0.219	10.462
0.672	11.1174
0.871	10.6365
0.208	9.5591
0.516	10.3074
0.734	11.012
0.241	10.1879
-0.033	9.1475
-0.311	8.9276
0.026	10.899
0.272	10.1309
0.379	10.871
0.963	10.8237
-0.306	11.0292
-0.234	9.0192
0.618	10.5844
0.09	10.8399
0.665	10.9515
-0.019	9.7471
1.248	11.3991
0.001	8.7062
0.591	10.866
0.018	10.0662
-0.022	10.4892
0.045	10.6291
0.001	10.5573
-0.021	8.7554
0.096	10.4619
0.39	10.5552
0.089	10.1505
0.601	11.9802
0.63	10.5292
0.11	9.9547
0.545	11.0451
0.037	9.9488
-0.222	9.528
0.274	9.7301
0.451	12.5417
0.198	9.5978
0.559	10.8481
0.756	10.9162
0.078	10.4729
0.017	9.421
0.054	9.8603
0.108	9.7092
0.307	10.4327
0.002	10.2184
-0.008	10.6029
0.053	10.306
0.015	11.0829
0.335	10.3754
0.069	10.0793
1.051	11.8339
0.624	11.0016
0.357	10.8982
1.168	11.2113
0.356	10.7687
0.586	10.9448
0.093	11.1248
0.181	10.804
2.826	10.3029
0.408	10.5056
0.142	9.7014
0.005	11.1
0.072	10.1069
0.001	9.6164
0.001	9.2649
0.004	9.517
0.092	10.0522
-0.001	9.3114
0.411	10.3925
0.583	11.3464
0.255	10.8433
-0.395	9.8484
-0.017	11.0283
-0.015	9.6553
-0.032	10.5307
0.537	11.1469
0.006	10.5628
0.195	9.9019
0.455	10.5031
0.356	10.2215
0.228	11.133
1.074	10.6968
0.423	10.36
1.678	11.4019
0.141	9.6992
0.016	10.7524
0	10.0841
0.218	10.3115
0.168	10.2647
0.085	9.8267
-0.008	10.5386
0.436	9.8263
0.368	10.2774
0.464	10.5663
-0.188	9.3552
-0.376	9.8503
0.482	11.0648
-0.004	10.118
0.075	10.4313
0.041	9.6702
1.031	10.4979
1.554	11.1162
-0.001	10.8819
0.31	9.4587
0.703	10.3428
0.37	10.3774
0.052	9.7155
0.363	10.3576
0.098	10.9136
-0.39	10.3397
0.072	9.4018
0.006	11.2128
0.098	9.4996
0.163	10.3549
0.518	10.5868
1.039	11.9139
0.516	11.351
0.029	10.4382
0.68	10.6997
-0.133	9.2632
-0.497	8.4631
1.031	10.9129
0.951	11.437
0.01	9.6725
0.443	9.7864
-0.064	10.8324
-0.017	11.0495
-0.017	10.0726
0.455	10.7453
0.847	10.7673
-0.319	9.8087
0.146	10.5496
0.288	10.3776
0.355	9.9082
-0.07	9.9133
0.162	11.011
0.41	10.5447
1.038	11.0739
1.021	10.7061
0.062	9.556
0.327	10.4583
0.369	10.8493
0.335	10.9802
0.077	10.8347
0.16	10.4484
0.279	10.513
0	10.7679
0.108	10.4269
0.273	10.2514
0	10.7674
0.115	10.3273
0.258	10.7456
0.339	10.8644
0.063	10.0225
0.035	10.089
0.004	9.4403
0.088	10.1781
0.697	10.8683
0.633	10.6845
-0.004	9.7488
0.184	10.2448
0.318	10.9559
0.027	11.2032
0.413	10.1388
0.027	9.8043
0.994	10.7915
0.066	9.2172
-0.008	9.0723
0.038	9.1923
0.079	10.6564
0.144	10.4131
0.729	11.563
0.321	11.0543
0.206	10.6008
0.004	10.267
0.075	10.6617
0.233	9.6315
0.234	10.5123
0.033	10.4711
0.09	10.0305
0.107	10.7418
0.006	11.995
0.375	11.1257
0.727	11.3824
0.182	10.4982
0.587	10.8868
0.58	9.602
-0.001	9.0613
-0.036	9.5157
0.642	9.6343
0.134	10.459
0.127	10.2625
-0.005	10.2437
0.495	10.698
0.722	10.8298
0.139	10.3125
0.162	9.9936
0.643	9.8364
0.384	10.2523
0.645	10.1868
0.032	11.1092
0.011	10.145
-0.511	10.3325
0.443	11.0374
0.016	10.1064
1.823	13.1841
0.286	11.269
0.015	10.2417
0.367	10.5036
0.118	10.8792
0.121	10.2487
0.522	10.2889
0.055	9.7867
0.717	11.91
0	9.9225
0.008	10.0624
0	9.8796
-0.042	9.9599
0.014	9.7146
0.118	10.8264
0.344	9.8221
1.489	11.2042
0.025	13.4883
0.411	10.4847
-0.232	10.2556
0.003	9.4911
0	10.5864
0.001	8.5971
-0.003	10.5557
0.002	9.9299
0.02	9.4081
0.97	11.022
0.238	10.3172
-0.02	10.1936
0.114	9.3897
0.118	10.2172
-0.006	10.4182
-0.013	9.4393
0.506	9.4658
0.008	10.5687
-0.092	10.9545
0.019	10.3956
0.38	10.8361
0	9.8435
0.826	11.3111
0.012	10.8736
0.34	10.5608
0.561	10.8088
-0.028	10.6968
0.068	10.1612
0.083	9.0756
0.001	9.0603
0.247	10.2412
0.336	10.7941
0.006	10.2922
1.195	11.703
0.06	9.8009
-0.01	10.6158
0.96	10.9037
0.05	9.7115
0.384	9.3378
-0.067	9.0812
0.245	9.5557
0.057	9.3599
0.047	9.6926
-0.174	9.7857
-0.136	9.4039
0.006	9.724
-0.009	9.2246
0.839	10.689
0.321	9.7155
1.309	11.2258
-0.001	9.4897
0.062	10.7304
0.008	11.1375
0.568	10.0053
0.329	10.6302
0.079	10.9349
0.575	11.454
-0.001	8.8288
0.471	10.1387
0.073	10.1761
0.774	10.9487
0.02	9.3842
-0.732	9.2494
0.089	10.1447
0.108	10.0309
0.312	10.3314
0.184	10.6098
0.916	12.5412
-0.002	10.1368
-0.127	10.9732
2.689	11.6472
-0.011	9.8325
1.544	11.4403
0.429	9.785
0.544	10.5623
0.136	10.626
1.271	10.9287
0.409	9.9722
0.175	10.5357
1.057	11.1732
0.566	10.4817
0.226	9.6893
0.588	10.3995
